397 744
514 723
173 199
66 542
699 937
221 239
179 411
292 303
392 415
24 272
648 871
316 812
355 706
165 302
278 745
518 776
57 264
348 369
528 652
136 306
444 926
396 738
64 590
47 893
692 848
367 564
799 940
620 768
296 762
336 389
686 690
164 902
239 655
225 356
68 263
80 462
246 408
803 839
185 830
443 925
238 625
146 287
338 394
84 664
530 586
43 816
249 956
33 461
168 860
55 846
624 847
325 472
64 797
40 89
463 765
444 900
3 941
588 801
59 528
357 642
439 967
38 587
21 112
221 999
334 879
2 381
28 80
545 883
365 703
76 370
2 116
355 457
68 872
837 932
432 853
446 722
168 327
172 632
35 788
41 496
861 982
210 497
89 987
135 961
302 698
481 954
529 904
25 823
566 945
793 891
100 684
202 654
473 992
268 429
34 696
280 549
556 827
192 785
433 697
662 728
376 377
567 804
716 880
328 588
278 410
12 29
13 117
261 876
215 627
109 817
83 806
440 641
479 700
448 560
442 739
36 49
108 148
354 780
428 695
185 881
435 586
431 505
264 807
447 592
170 223
465 918
166 353
49 723
347 638
546 784
468 813
73 416
905 909
732 818
189 759
205 613
215 538
298 800
598 627
85 231
411 869
126 780
120 484
236 385
110 959
767 770
252 713
251 692
512 646
157 988
253 979
119 850
326 676
519 704
688 922
754 976
414 667
173 437
11 882
127 287
52 547
623 702
14 915
184 366
809 824
95 616
96 204
169 520
6 932
378 628
137 649
333 676
318 357
114 973
93 455
295 483
425 464
799 907
167 270
43 594
550 768
14 694
467 808
257 562
235 957
45 826
105 288
194 756
372 761
35 636
69 937
265 374
340 634
72 952
502 554
128 677
111 545
242 581
933 972
755 845
518 832
313 482
191 552
738 815
412 927
441 840
67 574
414 813
371 431
201 540
156 940
91 487
790 868
230 244
460 875
410 454
432 503
769 847
81 376
199 679
142 919
298 449
561 995
373 767
316 859
160 661
193 886
265 605
515 845
18 246
931 950
152 989
147 359
66 271
151 668
285 292
242 788
319 560
392 571
281 558
84 908
120 131
113 855
452 882
195 966
203 503
486 954
834 980
200 593
188 445
541 820
129 143
4 773
123 426
337 612
430 972
353 736
142 930
465 699
229 256
647 992
823 980
429 715
114 174
712 971
222 848
354 498
149 506
644 925
217 352
157 307
266 443
78 990
695 838
361 886
532 720
514 934
54 524
358 614
402 819
109 542
216 522
529 570
81 999
753 883
602 645
121 635
828 889
455 474
299 602
372 445
37 956
865 945
277 598
86 771
814 871
467 489
290 457
685 915
7 42
742 904
557 677
439 656
7 752
343 493
197 852
9 633
425 968
234 662
30 582
530 899
208 509
26 680
214 322
60 363
102 137
314 831
191 898
301 417
259 752
145 423
286 332
391 693
283 901
877 918
254 970
310 951
592 851
814 949
570 629
104 135
77 536
564 869
140 618
55 193
74 605
402 548
483 507
337 505
407 534
289 976
342 351
103 854
17 969
305 646
364 644
169 775
774 888
567 860
102 543
419 499
103 294
222 417
88 451
8 958
562 690
139 935
683 777
240 308
688 812
51 857
61 691
470 837
523 705
250 582
244 363
335 811
182 475
520 622
571 810
83 619
346 608
150 911
87 998
56 399
334 787
50 78
225 790
531 547
576 682
202 501
400 610
15 118
175 850
153 591
345 346
568 672
132 955
162 177
498 669
46 256
159 460
154 668
345 501
19 854
331 441
24 663
88 343
6 513
683 944
628 946
517 673
115 967
368 829
241 824
765 987
730 910
369 636
606 759
311 717
247 565
148 675
175 583
760 982
312 896
92 296
435 727
597 991
304 658
312 607
469 990
60 153
286 332
122 401
492 630
404 778
621 626
492 596
924 953
835 938
718 986
806 827
480 735
97 798
99 906
516 870
20 589
655 693
440 508
418 657
390 537
612 935
145 913
734 923
336 381
864 996
234 821
283 464
565 856
555 653
3 726
107 519
384 456
25 279
393 758
424 671
553 718
299 743
201 587
275 733
110 782
619 962
237 243
339 952
19 329
277 866
687 901
33 94
499 515
517 682
521 543
161 267
491 817
335 481
144 733
123 938
8 50
206 810
310 776
694 731
526 563
197 734
739 867
572 941
740 862
320 620
82 908
59 113
327 659
375 862
116 600
147 635
95 665
5 751
93 106
601 725
57 398
371 916
245 496
158 885
500 949
41 611
212 660
479 785
53 846
34 964
706 951
851 920
154 386
118 536
349 523
9 213
61 944
151 421
393 681
595 840
645 766
74 826
361 386
228 388
212 640
187 996
62 988
307 471
210 407
364 689
599 997
36 308
395 833
63 968
21 408
719 836
555 748
217 803
526 589
383 559
380 590
333 936
380 401
178 816
161 190
488 748
666 895
947 953
58 750
382 801
71 559
324 450
447 960
149 773
452 763
781 795
466 674
420 825
224 896
747 989
90 642
805 880
472 745
531 975
16 830
52 430
317 525
554 573
248 290
92 613
42 903
438 736
186 405
450 858
190 727
626 928
227 829
31 841
124 367
521 820
624 890
186 390
674 955
446 482
121 981
344 933
789 900
176 878
394 566
270 291
456 912
291 704
575 884
117 863
323 459
134 474
834 978
708 889
344 709
79 434
630 729
842 921
266 480
475 732
729 950
341 879
477 764
10 379
448 859
98 737
585 792
724 998
338 597
180 609
687 890
32 331
786 796
548 977
250 561
326 544
176 208
494 975
356 657
133 504
226 962
159 572
1 360
579 652
22 348
497 557
188 749
220 309
28 746
293 754
701 877
705 917
664 843
538 793
247 707
94 219
27 406
263 795
669 783
575 873
304 409
406 782
140 757
220 942
301 651
236 866
681 919
163 878
17 293
238 711
69 511
249 843
476 893
198 929
490 643
101 397
125 552
223 255
133 403
11 725
468 506
322 403
325 629
275 844
556 756
379 451
350 672
213 317
551 917
65 273
323 477
260 434
303 977
396 491
374 621
182 591
274 508
297 828
280 959
130 818
427 943
53 422
510 948
65 573
709 764
958 1000
26 268
141 761
649 995
606 939
428 584
413 853
86 544
51 211
578 902
490 749
321 721
207 469
99 365
105 378
502 594
462 802
189 874
130 243
230 746
422 533
708 728
617 792
328 400
383 710
38 79
271 913
104 836
62 577
39 470
279 453
320 714
134 874
172 969
71 916
128 350
659 894
90 715
112 663
375 650
258 581
809 839
245 703
637 678
253 522
362 686
625 892
324 784
158 288
295 641
680 698
144 684
274 653
574 909
314 599
100 832
136 984
524 673
712 960
30 262
604 794
198 774
546 772
204 760
540 656
700 947
248 887
488 923
670 671
115 631
15 638
710 721
421 539
777 802
276 595
183 229
583 601
454 610
779 930
701 994
551 787
91 604
232 717
20 44
37 899
476 892
580 633
449 697
442 463
203 639
569 921
388 965
56 966
126 568
58 654
436 696
360 534
632 660
315 819
297 762
231 849
181 741
269 643
535 794
600 808
122 577
300 342
471 584
399 939
276 742
156 841
458 578
18 527
272 786
753 903
495 648
857 873
811 981
382 623
872 929
98 306
227 609
183 719
75 75
82 898
876 911
192 800
419 647
143 867
755 791
16 87
258 284
473 884
614 927
370 946
131 167
341 961
224 707
330 822
125 775
233 997
73 963
300 489
661 920
32 347
70 640
141 416
607 965
385 943
13 553
106 675
493 864
150 895
931 942
27 232
29 910
532 713
259 340
437 922
507 744
139 436
211 404
47 233
459 569
45 389
162 798
111 914
486 985
743 970
155 737
778 983
282 576
179 670
170 615
119 155
76 667
368 891
72 267
313 740
196 855
138 617
438 726
39 957
563 838
48 273
339 856
207 639
420 833
196 513
180 766
195 779
124 433
4 907
789 875
1 658
257 261
461 906
235 791
509 822
97 805
23 769
255 714
251 815
129 209
44 689
487 711
63 352
241 964
527 533
305 702
377 678
512 550
252 478
358 637
741 849
618 971
285 905
631 983
387 516
10 418
12 412
171 209
171 500
424 835
318 405
485 722
580 615
138 387
46 993
132 427
395 797
391 651
504 750
852 863
763 985
484 735
665 897
495 730
96 881
184 608
398 770
986 994
5 262
22 366
330 948
226 888
510 796
329 596
349 914
622 781
603 973
359 415
858 885
289 453
164 426
174 593
351 485
237 974
77 466
181 539
269 861
281 842
409 783
214 634
40 991
31 218
260 311
152 979
206 934
373 772
54 616
205 541
319 912
537 887
166 926
254 894
751 758
494 558
716 825
200 321
70 511
127 870
163 315
549 679
282 868
178 685
160 579
101 611
85 924
771 928
240 747
724 844
897 984
218 978
146 585
458 650
309 1000
108 216
187 228
535 804
757 831
219 821
107 865
194 423
294 963
165 177
666 974
67 691
284 478
48 731
362 525
23 720
603 936
384 413
807 993
